*Vertices 62
  1 "0"                                      0.0000    0.0000    0.5000
  2 "1"                                      0.0000    0.0000    0.5000
  3 "2"                                      0.0000    0.0000    0.5000
  4 "3"                                      0.0000    0.0000    0.5000
  5 "4"                                      0.0000    0.0000    0.5000
  6 "5"                                      0.0000    0.0000    0.5000
  7 "6"                                      0.0000    0.0000    0.5000
  8 "7"                                      0.0000    0.0000    0.5000
  9 "8"                                      0.0000    0.0000    0.5000
 10 "9"                                      0.0000    0.0000    0.5000
 11 "10"                                     0.0000    0.0000    0.5000
 12 "11"                                     0.0000    0.0000    0.5000
 13 "12"                                     0.0000    0.0000    0.5000
 14 "13"                                     0.0000    0.0000    0.5000
 15 "14"                                     0.0000    0.0000    0.5000
 16 "15"                                     0.0000    0.0000    0.5000
 17 "16"                                     0.0000    0.0000    0.5000
 18 "17"                                     0.0000    0.0000    0.5000
 19 "18"                                     0.0000    0.0000    0.5000
 20 "19"                                     0.0000    0.0000    0.5000
 21 "20"                                     0.0000    0.0000    0.5000
 22 "21"                                     0.0000    0.0000    0.5000
 23 "22"                                     0.0000    0.0000    0.5000
 24 "23"                                     0.0000    0.0000    0.5000
 25 "24"                                     0.0000    0.0000    0.5000
 26 "25"                                     0.0000    0.0000    0.5000
 27 "26"                                     0.0000    0.0000    0.5000
 28 "27"                                     0.0000    0.0000    0.5000
 29 "28"                                     0.0000    0.0000    0.5000
 30 "29"                                     0.0000    0.0000    0.5000
 31 "30"                                     0.0000    0.0000    0.5000
 32 "31"                                     0.0000    0.0000    0.5000
 33 "32"                                     0.0000    0.0000    0.5000
 34 "33"                                     0.0000    0.0000    0.5000
 35 "34"                                     0.0000    0.0000    0.5000
 36 "35"                                     0.0000    0.0000    0.5000
 37 "36"                                     0.0000    0.0000    0.5000
 38 "37"                                     0.0000    0.0000    0.5000
 39 "38"                                     0.0000    0.0000    0.5000
 40 "39"                                     0.0000    0.0000    0.5000
 41 "40"                                     0.0000    0.0000    0.5000
 42 "41"                                     0.0000    0.0000    0.5000
 43 "42"                                     0.0000    0.0000    0.5000
 44 "43"                                     0.0000    0.0000    0.5000
 45 "44"                                     0.0000    0.0000    0.5000
 46 "45"                                     0.0000    0.0000    0.5000
 47 "46"                                     0.0000    0.0000    0.5000
 48 "47"                                     0.0000    0.0000    0.5000
 49 "48"                                     0.0000    0.0000    0.5000
 50 "49"                                     0.0000    0.0000    0.5000
 51 "50"                                     0.0000    0.0000    0.5000
 52 "51"                                     0.0000    0.0000    0.5000
 53 "52"                                     0.0000    0.0000    0.5000
 54 "53"                                     0.0000    0.0000    0.5000
 55 "54"                                     0.0000    0.0000    0.5000
 56 "55"                                     0.0000    0.0000    0.5000
 57 "56"                                     0.0000    0.0000    0.5000
 58 "57"                                     0.0000    0.0000    0.5000
 59 "58"                                     0.0000    0.0000    0.5000
 60 "59"                                     0.0000    0.0000    0.5000
 61 "60"                                     0.0000    0.0000    0.5000
 62 "61"                                     0.0000    0.0000    0.5000
*Edges
  4   9 1
  6  10 1
  7  10 1
  1  11 1
  3  11 1
  6  14 1
  7  14 1
 10  14 1
  1  15 1
  4  15 1
  1  16 1
 15  17 1
  2  18 1
  7  18 1
 10  18 1
 14  18 1
 16  19 1
  2  20 1
  8  20 1
  9  21 1
 17  21 1
 19  21 1
 19  22 1
 18  23 1
 15  25 1
 16  25 1
 19  25 1
 18  26 1
  2  27 1
 26  27 1
  2  28 1
  8  28 1
 18  28 1
 26  28 1
 27  28 1
  2  29 1
  9  29 1
 21  29 1
 11  30 1
 19  30 1
 22  30 1
 25  30 1
  8  31 1
 20  31 1
 29  31 1
 18  32 1
 10  33 1
 14  33 1
 13  34 1
 15  34 1
 17  34 1
 22  34 1
 15  35 1
 34  35 1
 30  36 1
  2  37 1
 21  37 1
 24  37 1
  9  38 1
 15  38 1
 17  38 1
 22  38 1
 34  38 1
 35  38 1
 37  38 1
 15  39 1
 17  39 1
 21  39 1
 34  39 1
 37  40 1
  1  41 1
  8  41 1
 15  41 1
 16  41 1
 34  41 1
 37  41 1
 38  41 1
  2  42 1
 10  42 1
 14  42 1
  1  43 1
  3  43 1
 11  43 1
 31  43 1
 15  44 1
 30  44 1
 34  44 1
 38  44 1
 39  44 1
  3  45 1
 21  45 1
 35  45 1
 39  45 1
  9  46 1
 16  46 1
 19  46 1
 22  46 1
 24  46 1
 25  46 1
 30  46 1
 38  46 1
 44  47 1
  1  48 1
 11  48 1
 21  48 1
 29  48 1
 31  48 1
 43  48 1
 35  50 1
 47  50 1
 15  51 1
 17  51 1
 21  51 1
 34  51 1
 43  51 1
 46  51 1
  5  52 1
 12  52 1
 19  52 1
 22  52 1
 24  52 1
 25  52 1
 30  52 1
 46  52 1
 51  52 1
 15  53 1
 30  53 1
 39  53 1
 41  53 1
 44  54 1
  2  55 1
  7  55 1
  8  55 1
 14  55 1
 20  55 1
 42  55 1
 16  56 1
 52  56 1
  6  57 1
  7  57 1
  6  58 1
  7  58 1
 10  58 1
 14  58 1
 18  58 1
 40  58 1
 42  58 1
 49  58 1
 55  58 1
 39  59 1
  4  60 1
  9  60 1
 16  60 1
 37  60 1
 46  60 1
 33  61 1
  3  62 1
 38  62 1
 54  62 1